$ANSIBLE_VAULT;1.1;AES256
33373266313930356337653434356263613866356163633638396431313361323964636333376132
3336393963373739383434396331376638366431363961370a356336663634643234626437616664
62336234666131613133313130373061636636353965316435343566626138643535613565383635
3462393636366137320a333938373430383036343433643933303064303263343361323335353666
35396639616663353062656166653364366431636131616430316466303138336465656635643233
30353134336535643531663363633339643466316362373836316131363766633035613330613463
32316439623164303931336662616161646665643835323764663034373361386630346434376237
35613865376166353331663432646538306461646165613266353366326366323933613864333133
31656132653234613431646532616535366535396566363832373131353739323031313965333033
66373663306435333531663934343366373832613262666433373534356636653632643136333139
32653133643230396564373166343137356231633835356661363638373331353135633532646265
37383766613330616563663061313266363265653134333361643639373264663630303862643663
39353866383765663439646632343938306161353734366366373736646637343932643032663465
35623033633963353036663436633161656434643136373961663634623238356231356237346630
37353161666462633331303434626562393362343235313831386430363430656338363766633761
63323564636236616466623037613633353732393437613265373861653664393838306463396466
64343133653733386633633730626234383139633831393138663233633836323066646535633362
30333931613833633737383232623638363436623561336161383662343363326366643562623236
35346139666232393064303034653632366136333239643363636664386666353961353238623265
39613862396530323334626335363537633637353139636164346639666561613563636464633661
39393831366163653063636237386261666432626434663630393463613934313364336633346538
39613939336338386439653131633964623530393062633530376630386137386138646461383535
30303038313136306565613061386536386532363337653830623535383333653962646338623964
33396435306331393063343737663062323963666235623535383866646338643466663639303539
34643133643962383565386464633237396464303236636565303637383536353737623863383830
64393530393134363135616635623339386438626630656665623137313631633365656561386432
37633739623432653163613530313262613339333966363162633534313636353533366161653339
31383231663866656363663463633032363334666361656263313362633438616461613531373835
6262
